cate2-00001 0.656084179878 749.6 549.2 641.9 553.5 623.3 306.0 731.0 301.8
cate2-00002 0.700383603573 725.6 546.0 644.8 549.4 611.0 320.6 691.8 317.2
cate2-00002 0.624695599079 676.7 579.4 618.2 839.2 482.0 828.1 540.5 568.3
cate2-00002 0.555622398853 641.6 532.4 536.1 541.9 482.2 344.6 587.7 335.0
cate2-00002 0.540834069252 1660.2 770.5 1552.1 784.8 1463.8 587.2 1571.9 572.9
cate2-00002 0.524119377136 1388.2 316.9 1355.5 586.1 1240.1 580.5 1272.8 311.3
cate2-00006 0.635923564434 657.7 647.6 588.5 856.9 451.7 839.4 520.8 630.1
cate2-00007 0.640683948994 609.2 558.8 494.7 730.4 355.0 697.8 469.4 526.2
cate2-00008 0.303162634373 1331.4 883.7 1225.6 889.6 1171.6 624.2 1277.4 618.4
cate2-00015 0.710614025593 1541.6 802.0 1405.5 819.1 1300.1 585.9 1436.2 568.8
cate2-00017 0.661270201206 1493.7 600.1 1387.4 605.0 1366.2 397.1 1472.5 392.3
cate2-00018 0.615053236485 1334.2 361.0 1334.2 605.2 1240.3 605.2 1240.3 361.0
cate2-00018 0.587028980255 724.3 647.2 624.9 859.6 507.0 839.1 606.4 626.8
cate2-00018 0.547334671021 1153.6 367.3 1153.6 628.8 1067.8 628.8 1067.8 367.3
cate2-00018 0.519481003284 731.5 359.8 731.5 587.2 605.0 587.2 605.0 359.8
cate2-00018 0.449754744768 970.0 375.3 970.0 621.5 878.8 621.5 878.8 375.3
cate2-00018 0.354993909597 810.3 359.7 785.4 610.7 701.6 607.7 726.6 356.7
cate2-00020 0.660025477409 1595.4 806.0 1448.7 836.6 1316.7 632.1 1463.3 601.5
cate2-00020 0.498381733894 1533.9 571.3 1390.9 588.6 1307.6 365.7 1450.5 348.3
cate2-00023 0.333296328783 1581.3 872.5 1422.4 890.7 1331.8 645.1 1490.7 626.9
cate2-00024 0.641148447990 1418.3 287.1 1418.3 549.5 1298.4 549.5 1298.4 287.1
cate2-00024 0.599435865879 1564.7 801.9 1422.9 820.8 1329.0 596.1 1470.9 577.2
cate2-00024 0.550521075726 853.8 574.1 762.5 576.2 730.2 311.7 821.5 309.6
cate2-00024 0.510976791382 695.0 329.0 695.0 567.4 587.9 567.4 587.9 329.0
cate2-00024 0.496072977781 951.6 574.3 856.6 580.3 791.4 302.1 886.4 296.1
cate2-00026 0.581766426563 765.6 529.7 706.9 728.7 591.9 717.5 650.7 518.5
cate2-00026 0.563177227974 1082.1 303.5 1082.1 552.7 962.1 552.7 962.1 303.5
cate2-00029 0.687751889229 636.4 673.9 571.8 888.0 433.3 873.8 497.9 659.7
cate2-00031 0.629259645939 674.4 596.2 574.1 802.1 450.0 780.3 550.3 574.4
cate2-00038 0.529342472553 1176.1 667.6 1088.3 670.8 1062.5 398.3 1150.4 395.2
cate2-00038 0.362711161375 1007.3 380.8 975.7 669.7 859.6 666.3 891.2 377.4
cate2-00043 0.604865252972 644.7 618.7 535.0 850.7 389.5 828.1 499.2 596.1
cate2-00050 0.313970118761 1569.6 800.4 1454.5 816.9 1340.7 566.5 1455.9 550.0
cate2-00058 0.492646187544 1272.0 401.6 1272.0 645.1 1161.5 645.1 1161.5 401.6
cate2-00063 0.603439629078 1130.4 637.9 1040.0 640.5 1020.1 398.3 1110.6 395.6
cate2-00063 0.506104052067 735.0 354.9 695.4 589.4 548.2 582.9 587.8 348.4
cate2-00068 0.648921310902 720.6 592.4 668.6 815.5 527.7 804.9 579.7 581.8
cate2-00068 0.595429718494 1473.8 788.4 1348.3 802.0 1277.6 599.2 1403.1 585.5
cate2-00068 0.583310186863 655.9 336.6 655.9 560.3 521.1 560.3 521.1 336.6
cate2-00074 0.561538815498 691.5 290.0 670.0 510.0 607.9 506.6 629.5 286.6
cate2-00077 0.713841259480 601.6 567.2 517.0 835.2 363.4 819.4 448.0 551.4
cate2-00078 0.648757100105 701.4 614.1 602.7 841.4 477.3 822.8 576.1 595.5
cate2-00078 0.641775250435 1512.4 316.2 1491.6 569.2 1363.8 561.2 1384.6 308.2
cate2-00078 0.632321655750 1100.2 373.7 1100.2 633.1 997.8 633.1 997.8 373.7
cate2-00078 0.609695494175 1660.0 799.1 1533.2 823.5 1394.1 609.0 1520.9 584.6
cate2-00078 0.443679541349 1369.1 304.9 1369.1 581.3 1276.4 581.3 1276.4 304.9
cate2-00080 0.392474383116 668.5 419.6 668.5 628.3 544.4 628.3 544.4 419.6
cate2-00082 0.594528913498 718.4 604.7 637.0 605.8 618.4 361.6 699.8 360.5
cate2-00083 0.707458794117 1556.1 844.0 1422.8 863.2 1318.2 642.9 1451.5 623.8
cate2-00096 0.718622744083 1557.7 836.6 1435.0 858.8 1320.7 670.1 1443.4 647.9
cate2-00101 0.512594759464 1558.3 962.6 1429.0 977.7 1334.2 734.8 1463.5 719.7
cate2-00106 0.513050317764 1143.4 622.6 1090.9 625.4 1041.0 353.1 1093.5 350.3
cate2-00110 0.596393644810 785.5 665.7 727.0 912.6 619.9 903.0 678.5 656.2
cate2-00110 0.548706829548 1426.4 404.2 1378.0 626.4 1291.0 622.9 1339.4 400.7
cate2-00114 0.661034047604 1149.8 691.1 1074.7 693.3 1054.8 455.6 1129.8 453.4
cate2-00116 0.624151527882 1122.1 378.6 1098.1 625.3 1026.5 617.9 1050.6 371.3
cate2-00116 0.619849860668 666.9 332.1 666.9 564.7 545.1 564.7 545.1 332.1
cate2-00127 0.561294555664 1372.1 557.3 1288.9 559.2 1255.7 307.7 1338.9 305.7
cate2-00127 0.418827295303 1281.1 285.8 1281.1 570.1 1151.4 570.1 1151.4 285.8
cate2-00128 0.540457487106 1116.7 249.4 1116.7 557.1 1015.0 557.1 1015.0 249.4
cate2-00133 0.364028215408 1506.0 551.3 1381.9 556.3 1351.4 314.2 1475.4 309.3
cate2-00145 0.491411536932 627.5 338.3 627.5 557.7 531.4 557.7 531.4 338.3
cate2-00145 0.489408016205 1446.4 334.8 1421.0 554.4 1306.0 551.7 1331.4 332.1
cate2-00145 0.440043449402 570.2 342.4 522.9 563.1 394.5 554.1 441.7 333.4
cate2-00160 0.491897523403 1748.4 747.2 1590.7 770.1 1463.8 499.0 1621.5 476.1
cate2-00161 0.745314419270 1565.7 822.4 1420.8 842.1 1310.4 605.3 1455.3 585.6
cate2-00165 0.614441037178 1167.6 323.6 1167.6 583.0 1106.1 583.0 1106.1 323.6
cate2-00165 0.590676248074 963.7 581.1 906.0 583.0 885.5 324.5 943.2 322.7
cate2-00170 0.692130923271 1502.8 831.0 1373.0 849.5 1268.3 626.4 1398.1 608.0
cate2-00170 0.514842152596 1278.5 369.8 1278.5 606.7 1172.8 606.7 1172.8 369.8
cate2-00184 0.681359767914 1573.8 839.3 1432.7 855.9 1340.3 648.5 1481.4 632.0
cate2-00185 0.577756524086 673.8 684.5 604.7 881.0 467.8 862.4 536.9 666.0
cate2-00187 0.667216598988 1766.2 658.1 1638.7 693.3 1502.5 529.8 1629.9 494.6
cate2-00187 0.627854108810 1386.7 823.3 1294.9 830.6 1224.5 593.6 1316.2 586.3
cate2-00187 0.589874327183 739.9 339.1 739.9 577.5 649.4 577.5 649.4 339.1
cate2-00187 0.468037605286 1291.8 333.1 1291.8 572.9 1194.6 572.9 1194.6 333.1
cate2-00191 0.492701917887 721.7 385.3 677.0 627.4 561.7 621.6 606.4 379.5
cate2-00196 0.676415145397 1579.6 732.9 1444.8 753.8 1333.7 534.0 1468.4 513.1
cate2-00197 0.437011361122 1545.8 357.9 1545.8 608.9 1383.2 608.9 1383.2 357.9
cate2-00198 0.673729002476 722.1 595.5 633.8 810.2 508.2 791.6 596.5 576.9
cate2-00199 0.349916368723 1583.0 841.2 1476.6 849.5 1415.3 605.6 1521.7 597.3
cate2-00201 0.686791658401 1532.9 622.9 1400.6 630.1 1361.7 394.6 1494.1 387.4
cate2-00201 0.600864350796 631.8 395.5 591.3 627.1 458.8 621.3 499.2 389.7
cate2-00202 0.617377698421 1586.1 842.1 1460.4 852.2 1395.7 586.1 1521.4 576.0
cate2-00202 0.567617654800 619.5 561.7 571.9 842.1 433.2 835.3 480.9 554.9
cate2-00203 0.616083383560 648.8 508.1 522.0 513.6 492.6 277.6 619.5 272.2
cate2-00203 0.551852047443 1464.5 234.5 1443.7 513.4 1305.4 511.5 1326.1 232.6
cate2-00203 0.480122148991 1335.8 255.9 1335.8 529.9 1220.7 529.9 1220.7 255.9
cate2-00203 0.475945174694 961.3 281.8 961.3 544.3 870.7 544.3 870.7 281.8
cate2-00210 0.633068740368 992.1 556.2 899.7 560.5 874.6 339.6 966.9 335.2
cate2-00213 0.590432047844 1006.3 595.4 912.7 599.8 895.9 370.8 989.6 366.4
cate2-00216 0.488210290670 726.4 456.2 726.4 680.9 627.2 680.9 627.2 456.2
cate8-00002 0.724941849709 1514.3 792.8 1380.1 812.6 1273.1 594.8 1407.3 574.9
cate8-00002 0.675245404243 1643.0 733.3 1519.4 759.2 1393.8 574.2 1517.4 548.3
cate8-00002 0.519573211670 1289.7 297.0 1262.9 566.9 1145.3 560.6 1172.1 290.8
cate8-00002 0.311661571264 758.3 298.3 719.3 503.7 648.3 498.2 687.3 292.8
cate8-00003 0.589487791061 742.5 293.1 742.5 513.3 646.7 513.3 646.7 293.1
cate8-00003 0.565992236137 1310.4 575.4 1310.4 791.5 1229.1 791.5 1229.1 575.4
cate8-00003 0.499642163515 1389.2 301.4 1371.2 528.1 1291.0 525.7 1309.0 299.0
cate8-00003 0.433177471161 1164.7 276.9 1164.7 519.2 1091.6 519.2 1091.6 276.9
cate8-00004 0.301543444395 1368.4 549.4 1243.5 556.7 1206.4 267.1 1331.3 259.7
cate8-00005 0.591033160686 1123.6 379.6 1123.6 646.7 1008.9 646.7 1008.9 379.6
cate8-00006 0.697568237782 1072.9 351.2 1072.9 625.8 989.6 625.8 989.6 351.2
cate8-00006 0.636894166470 1416.4 871.5 1332.0 876.4 1282.7 636.6 1367.1 631.8
cate8-00006 0.585577607155 1523.3 326.0 1523.3 560.5 1388.5 560.5 1388.5 326.0
cate8-00007 0.640848875046 730.7 579.0 585.2 599.6 481.7 367.8 627.2 347.2
cate8-00007 0.544351220131 1107.3 377.0 1107.3 639.9 1008.5 639.9 1008.5 377.0
cate8-00008 0.658252418041 1440.3 570.1 1323.4 579.6 1276.1 356.4 1393.0 346.8
cate8-00008 0.598674356937 723.3 592.8 599.7 595.5 577.8 363.4 701.5 360.7
cate8-00009 0.602395832539 1326.4 309.1 1326.4 547.2 1230.9 547.2 1230.9 309.1
cate8-00010 0.713659405708 994.8 320.2 994.8 586.2 889.3 586.2 889.3 320.2
cate8-00010 0.489964395761 1075.9 565.1 990.9 568.5 970.1 330.3 1055.1 327.0
cate8-00012 0.696246981621 1580.5 831.6 1452.0 853.1 1332.3 636.1 1460.7 614.6
cate8-00012 0.615084707737 1501.8 352.0 1501.8 584.5 1374.7 584.5 1374.7 352.0
cate8-00013 0.697082698345 864.1 488.5 864.1 689.2 773.4 689.2 773.4 488.5
cate8-00013 0.676019191742 722.6 482.5 676.1 670.9 560.2 655.4 606.7 467.0
cate8-00013 0.656057059765 1452.1 684.6 1368.5 690.3 1317.7 493.1 1401.3 487.4
cate8-00013 0.620523035526 1615.2 435.2 1488.1 441.1 1457.3 208.9 1584.5 202.9
cate8-00013 0.611253201962 796.6 494.9 762.8 681.5 679.4 672.9 713.2 486.2
cate8-00013 0.515464782715 669.7 239.9 645.9 421.8 559.8 415.9 583.7 234.0
cate8-00013 0.505012273788 756.8 230.7 728.8 457.2 636.3 455.8 664.3 229.3
cate8-00021 0.627903759480 1384.6 592.3 1294.4 595.7 1262.0 343.5 1352.1 340.1
cate8-00022 0.565069496632 1105.7 296.6 1105.7 600.0 1009.0 600.0 1009.0 296.6
cate8-00024 0.639295578003 919.0 386.3 919.0 640.6 842.5 640.6 842.5 386.3
cate8-00026 0.665829300880 752.3 563.6 662.3 565.5 637.9 293.5 727.9 291.6
cate8-00026 0.634455144405 1614.2 526.1 1490.7 531.6 1457.2 280.1 1580.8 274.6
cate8-00027 0.726320326328 1633.6 809.6 1521.9 836.1 1367.0 628.4 1478.6 601.9
cate8-00027 0.595891833305 714.8 647.7 636.4 867.9 497.1 849.7 575.6 629.6
cate8-00028 0.645340800285 1502.0 805.1 1378.2 815.6 1302.2 572.8 1426.1 562.3
cate8-00032 0.663360834122 1598.2 820.4 1465.0 841.2 1350.0 627.5 1483.2 606.6
cate8-00033 0.506678998470 687.5 231.4 687.5 504.6 595.2 504.6 595.2 231.4
cate8-00039 0.456256449223 1353.2 670.8 1334.5 868.4 1257.0 867.2 1275.7 669.6
cate8-00041 0.613164484501 714.6 605.9 613.3 834.5 462.9 811.1 564.2 582.5
cate8-00041 0.329222202301 1430.9 896.7 1345.8 904.4 1267.5 650.7 1352.6 643.0
cate8-00041 0.313852608204 1714.3 829.2 1598.7 850.7 1460.3 607.6 1575.9 586.0
cate8-00046 0.590803980827 1159.5 371.4 1132.3 621.5 1062.2 616.0 1089.4 365.9
cate8-00048 0.544180274010 1316.4 295.3 1316.4 550.7 1205.5 550.7 1205.5 295.3
cate8-00054 0.628114283085 971.6 409.3 971.6 667.6 894.7 667.6 894.7 409.3
cate8-00054 0.615581035614 1126.9 656.7 1047.1 658.9 1024.1 399.3 1103.9 397.2
cate8-00054 0.613052189350 1051.4 403.4 1051.4 663.5 957.9 663.5 957.9 403.4
cate8-00054 0.611995816231 891.8 422.8 891.8 663.9 832.3 663.9 832.3 422.8
cate8-00055 0.599852800369 1651.7 697.5 1501.7 756.1 1331.4 609.0 1481.4 550.4
cate8-00055 0.584069669247 1369.1 288.4 1369.1 527.5 1259.0 527.5 1259.0 288.4
cate8-00057 0.637212514877 756.0 649.0 713.8 825.1 632.3 818.0 674.5 641.9
cate8-00057 0.548158407211 623.7 332.5 557.9 562.2 446.6 553.8 512.4 324.1
cate8-00058 0.646195292473 860.2 584.9 740.5 590.7 706.2 300.8 826.0 295.0
cate8-00058 0.528141677380 1045.5 318.4 1045.5 577.7 946.0 577.7 946.0 318.4
cate8-00058 0.445515125990 1178.1 319.5 1178.1 597.2 1078.4 597.2 1078.4 319.5
cate8-00064 0.584685444832 1382.9 839.8 1295.3 840.3 1263.9 607.6 1351.5 607.0
cate8-00064 0.341752290726 1535.8 821.5 1392.3 836.0 1323.4 604.5 1467.0 589.9
cate8-00065 0.649545371532 1316.3 838.8 1243.9 839.2 1223.8 628.7 1296.2 628.3
cate8-00065 0.488301873207 1297.5 399.7 1297.5 617.0 1206.6 617.0 1206.6 399.7
cate8-00066 0.642840087414 1240.9 569.8 1221.2 809.7 1122.9 807.1 1142.6 567.2
cate8-00066 0.575382590294 1081.4 539.2 982.8 539.7 966.4 277.4 1064.9 277.0
cate8-00066 0.502968013287 689.5 588.1 644.1 815.4 557.2 809.9 602.6 582.7
cate8-00066 0.437160760164 979.6 267.0 979.6 519.5 888.4 519.5 888.4 267.0
cate8-00066 0.406545400620 897.0 524.5 831.2 524.9 810.3 250.8 876.2 250.4
cate8-00070 0.585604190826 1545.6 780.9 1437.6 799.5 1347.5 626.7 1455.6 608.1
cate8-00070 0.530127108097 743.8 376.1 699.2 606.0 610.1 602.0 654.8 372.2
cate8-00072 0.530858039856 1115.2 371.6 1115.2 614.8 1017.7 614.8 1017.7 371.6
cate8-00072 0.529918253422 1252.8 357.7 1252.8 609.3 1146.6 609.3 1146.6 357.7
cate8-00076 0.633055210114 1107.2 345.0 1107.2 591.5 1006.7 591.5 1006.7 345.0
cate8-00079 0.572397351265 1082.0 335.3 1082.0 561.2 980.0 561.2 980.0 335.3
cate8-00079 0.517052352428 601.6 589.2 487.9 598.5 432.9 377.3 546.6 368.0
cate8-00079 0.485181748867 1538.6 887.2 1377.1 896.4 1338.7 650.5 1500.2 641.2
cate8-00081 0.557727575302 578.9 553.2 400.3 702.3 262.7 643.9 441.3 494.8
cate8-00084 0.552242100239 1444.2 628.0 1337.0 633.5 1290.2 378.3 1397.4 372.9
cate8-00084 0.383260577917 683.4 406.3 653.2 591.7 548.6 580.4 578.7 394.9
cate8-00090 0.469372540712 1258.9 240.8 1258.9 555.3 1156.4 555.3 1156.4 240.8
cate8-00093 0.665954053402 578.0 592.3 513.8 813.4 350.0 795.3 414.2 574.2
cate8-00094 0.684676408768 715.1 564.7 593.4 571.9 549.2 342.8 671.0 335.6
cate8-00094 0.626888930798 831.6 327.9 831.6 568.5 752.4 568.5 752.4 327.9
cate8-00098 0.527820885181 919.1 324.7 919.1 552.1 859.3 552.1 859.3 324.7
cate8-00102 0.651933908463 1500.8 773.9 1371.3 791.0 1288.4 593.2 1417.9 576.1
cate8-00104 0.491785407066 1050.2 682.2 1050.2 844.8 975.2 844.8 975.2 682.2
cate8-00105 0.642840087414 1240.9 569.8 1221.2 809.7 1122.9 807.1 1142.6 567.2
cate8-00105 0.575382590294 1081.4 539.2 982.8 539.7 966.4 277.4 1064.9 277.0
cate8-00105 0.502968013287 689.5 588.1 644.1 815.4 557.2 809.9 602.6 582.7
cate8-00105 0.437160760164 979.6 267.0 979.6 519.5 888.4 519.5 888.4 267.0
cate8-00105 0.406545400620 897.0 524.5 831.2 524.9 810.3 250.8 876.2 250.4
cate8-00108 0.531245470047 918.6 326.2 892.9 558.1 806.0 550.6 831.6 318.7
cate8-00109 0.609205186367 909.5 573.3 836.1 574.3 815.7 302.7 889.0 301.7
cate8-00113 0.679621636868 1432.4 864.0 1351.6 872.8 1268.3 654.4 1349.1 645.6
cate8-00114 0.525930166245 1312.0 277.0 1294.6 539.7 1176.6 541.2 1194.0 278.5
cate8-00116 0.593492090702 1276.7 611.3 1256.4 809.4 1190.9 806.6 1211.2 608.5
cate8-00116 0.396753668785 1019.4 606.2 1019.4 800.4 935.6 800.4 935.6 606.2
cate8-00123 0.603345155716 687.1 568.5 539.3 799.1 400.9 767.7 548.7 537.2
cate8-00126 0.338176190853 660.5 331.6 660.5 585.0 517.1 585.0 517.1 331.6
cate8-00128 0.728736221790 1615.5 824.8 1466.8 843.5 1350.6 583.2 1499.3 564.5
cate8-00128 0.545479416847 1533.9 235.0 1533.9 531.5 1377.5 531.5 1377.5 235.0
cate8-00128 0.467221200466 640.6 506.1 486.7 507.7 465.5 219.8 619.4 218.2
cate8-00131 0.378630936146 1156.2 354.4 1137.7 623.7 1044.9 622.7 1063.4 353.4
cate8-00133 0.646867692471 1573.5 810.6 1450.5 844.1 1305.1 667.6 1428.1 634.1
cate8-00133 0.555804908276 1525.8 576.3 1393.7 589.6 1332.2 380.0 1464.3 366.8
cate8-00138 0.560641467571 757.4 527.2 634.4 761.5 508.2 739.3 631.2 504.9
cate8-00142 0.640908122063 1379.3 879.2 1292.5 884.4 1230.4 637.7 1317.2 632.5
cate8-00142 0.610624492168 1486.7 571.7 1373.0 573.2 1353.1 333.4 1466.9 331.9
cate8-00142 0.593502461910 732.4 618.2 592.2 850.8 479.1 829.1 619.3 596.5
cate8-00142 0.567789018154 707.3 318.5 664.9 574.2 540.5 568.8 582.9 313.0
cate8-00143 0.683406651020 748.0 703.9 670.2 925.8 570.7 914.2 648.5 692.3
cate8-00143 0.671221673489 1705.4 795.7 1579.7 844.1 1420.4 711.7 1546.1 663.3
cate8-00144 0.659086108208 1679.9 694.5 1534.5 720.8 1408.5 502.7 1553.8 476.4
cate8-00144 0.497093379498 1630.8 465.1 1513.7 471.0 1475.5 210.7 1592.6 204.8
cate8-00146 0.368913263083 598.9 368.8 598.9 578.8 471.6 578.8 471.6 368.8
cate8-00148 0.663274705410 1439.9 379.1 1403.7 612.5 1294.8 607.5 1331.0 374.1
cate8-00148 0.608438134193 719.9 623.7 628.7 839.2 510.1 823.0 601.3 607.5
cate8-00151 0.566595911980 1028.7 339.6 1028.7 616.8 926.9 616.8 926.9 339.6
cate8-00153 0.518505752087 1397.9 623.8 1303.2 628.3 1264.8 373.0 1359.5 368.4
cate8-00154 0.509804010391 769.6 403.0 769.6 633.7 672.4 633.7 672.4 403.0
cate8-00154 0.429840803146 1074.8 405.5 1074.8 641.6 986.2 641.6 986.2 405.5
cate8-00156 0.702444851398 1135.4 296.9 1135.4 539.4 1050.1 539.4 1050.1 296.9
cate8-00156 0.632079720497 998.7 284.9 998.7 551.6 903.9 551.6 903.9 284.9
cate8-00162 0.514287352562 1165.1 390.3 1129.2 629.8 1038.8 626.9 1074.8 387.4
cate8-00162 0.502621471882 776.1 624.9 732.9 851.4 629.4 843.5 672.6 617.0
cate8-00167 0.645082414150 692.4 659.6 566.3 671.6 501.3 447.7 627.4 435.7
cate8-00167 0.621474683285 803.3 680.8 803.3 896.4 709.9 896.4 709.9 680.8
cate8-00167 0.525486111641 1476.5 456.8 1453.6 673.6 1330.5 669.8 1353.3 453.0
cate8-00168 0.589478850365 852.2 662.4 729.9 675.1 643.5 444.4 765.8 431.7
cate8-00171 0.563371598721 852.6 551.1 755.7 555.9 729.7 314.6 826.5 309.9
cate8-00171 0.511314094067 1232.9 312.2 1232.9 564.6 1130.9 564.6 1130.9 312.2
cate8-00171 0.496945083141 714.1 574.5 662.2 757.2 531.4 743.2 583.3 560.6
cate8-00171 0.461237728596 1329.4 439.2 1273.5 568.4 1232.0 469.3 1287.8 340.1
cate8-00173 0.588124334812 1197.3 306.4 1197.3 580.0 1112.6 580.0 1112.6 306.4
cate8-00173 0.572584450245 635.6 624.4 450.8 795.5 293.3 743.5 478.1 572.4
cate8-00173 0.568795681000 717.7 571.0 566.7 578.3 529.9 336.2 680.9 328.9
cate8-00179 0.657813668251 1303.6 795.1 1220.1 796.6 1200.9 562.7 1284.4 561.3
cate8-00179 0.546303451061 1015.9 297.9 1015.9 548.2 921.4 548.2 921.4 297.9
cate8-00179 0.437579035759 965.0 576.6 945.2 774.4 885.7 771.1 905.6 573.3
cate8-00183 0.529338359833 869.6 666.2 812.3 883.8 713.4 872.3 770.7 654.8
cate8-00183 0.413048237562 1335.1 651.1 1252.2 655.0 1222.7 394.8 1305.6 390.9
cate8-00192 0.650285661221 1142.8 258.4 1116.1 572.4 1024.8 569.2 1051.4 255.2
cate8-00192 0.595165491104 1719.9 723.7 1578.5 745.6 1476.1 553.6 1617.5 531.6
cate8-00192 0.534200966358 744.9 556.3 704.5 768.3 607.1 761.6 647.5 549.6
cate8-00194 0.675118565559 1339.3 834.8 1257.9 844.8 1165.4 633.0 1246.8 623.0
cate8-00197 0.698521077633 789.0 654.0 712.0 839.4 570.5 822.3 647.5 636.8
cate8-00197 0.593355894089 1609.8 799.2 1466.6 825.0 1358.8 637.7 1502.0 611.9
cate8-00197 0.528852522373 709.3 368.9 709.3 608.4 574.5 608.4 574.5 368.9
cate8-00197 0.481609344482 1158.9 369.1 1158.9 627.5 1079.1 627.5 1079.1 369.1
cate8-00198 0.669903576374 1567.3 797.6 1441.8 820.8 1311.0 611.0 1436.5 587.8
cate8-00201 0.599824845791 779.3 630.0 638.2 633.0 609.6 397.2 750.6 394.2
cate8-00202 0.653914928436 1612.2 762.3 1486.9 801.1 1281.0 576.4 1406.4 537.5
cate8-00202 0.600345849991 1504.2 521.4 1358.4 534.5 1282.9 265.5 1428.6 252.4
cate8-00205 0.654376327991 724.8 622.2 652.5 810.8 539.6 794.5 611.9 605.9
cate8-00208 0.518561422825 914.3 562.1 835.5 565.5 812.2 382.4 891.1 379.0
cate8-00208 0.414638429880 1239.3 372.6 1239.3 644.4 1141.9 644.4 1141.9 372.6
cate8-00209 0.665066123009 1600.7 823.8 1465.0 846.5 1328.9 593.5 1464.7 570.9
cate8-00209 0.584291100502 660.5 580.1 570.6 823.3 445.3 807.2 535.3 564.0
cate8-00213 0.764524817467 529.1 485.2 467.1 709.8 311.3 691.7 373.3 467.1
cate8-00213 0.357076019049 646.9 258.9 646.9 437.0 548.2 437.0 548.2 258.9
cate8-00213 0.352483958006 792.1 420.9 687.2 423.1 669.0 194.8 773.9 192.6
cate8-00216 0.658767938614 1533.5 778.0 1408.5 792.3 1309.1 549.7 1434.1 535.5
cate8-00218 0.694654405117 1122.6 362.2 1099.8 658.6 1009.1 654.6 1031.9 358.1
cate8-00218 0.675186216831 1432.2 856.1 1330.3 868.6 1232.5 641.2 1334.4 628.7
cate8-00218 0.557294547558 1390.0 293.5 1359.3 544.4 1255.9 543.1 1286.5 292.2
cate8-00221 0.644920229912 785.4 613.1 756.4 811.5 655.5 805.1 684.5 606.7
cate8-00221 0.560040712357 1007.2 362.3 1007.2 594.8 912.8 594.8 912.8 362.3
cate8-00225 0.477846413851 1371.6 409.5 1371.6 577.4 1276.1 577.4 1276.1 409.5
cate8-00228 0.623969554901 748.7 297.8 676.6 531.3 552.1 517.9 624.2 284.4
cate8-00228 0.594843983650 1287.3 293.7 1287.3 562.9 1164.6 562.9 1164.6 293.7
cate8-00228 0.557597875595 1131.9 608.7 1131.9 868.8 1018.8 868.8 1018.8 608.7
cate8-00228 0.534241378307 990.4 303.2 990.4 582.8 894.0 582.8 894.0 303.2
cate8-00228 0.522571086884 1125.1 580.3 1048.3 583.8 1025.4 315.4 1102.2 311.9
cate8-00228 0.326689779758 1256.3 846.0 1169.2 850.7 1125.7 631.4 1212.8 626.7
cate8-00230 0.594482243061 1082.0 785.9 1016.3 791.2 997.0 590.3 1062.6 585.0
cate8-00230 0.538301944733 760.6 339.7 728.9 575.1 594.7 567.0 626.3 331.7
cate8-00230 0.527503013611 937.5 386.9 937.5 619.9 841.9 619.9 841.9 386.9
cate8-00230 0.514944791794 1196.5 570.2 1196.5 786.2 1113.6 786.2 1113.6 570.2
cate8-00230 0.508310973644 852.5 571.2 825.7 777.9 751.5 775.0 778.3 568.2
cate8-00230 0.429222762585 1098.8 379.4 1098.8 627.1 1016.1 627.1 1016.1 379.4
cate8-00231 0.615943253040 671.1 550.2 494.9 730.9 382.9 697.0 559.1 516.2
cate8-00231 0.608115971088 1454.7 301.8 1454.7 554.2 1349.9 554.2 1349.9 301.8
cate8-00231 0.589675009251 1216.9 294.7 1216.9 561.8 1129.1 561.8 1129.1 294.7
cate8-00231 0.558694541454 643.1 234.4 643.1 471.8 497.8 471.8 497.8 234.4
cate8-00231 0.558449447155 1302.0 257.3 1302.0 568.9 1202.4 568.9 1202.4 257.3
cate8-00231 0.479052245617 1641.7 243.7 1641.7 482.3 1517.7 482.3 1517.7 243.7
cate8-00231 0.441034436226 743.2 246.2 743.2 500.1 629.4 500.1 629.4 246.2
cate8-00233 0.638637065887 585.9 596.0 463.9 595.5 448.6 389.1 570.6 389.6
cate8-00233 0.547877132893 1555.2 388.4 1527.4 590.8 1428.1 588.3 1455.9 385.9
cate8-00233 0.509815216064 702.4 785.7 608.1 789.6 580.2 611.5 674.6 607.7
cate8-00238 0.610264778137 1438.0 378.8 1406.8 602.3 1298.8 597.7 1330.1 374.1
cate8-00238 0.351551592350 1085.4 340.6 1085.4 615.4 1011.1 615.4 1011.1 340.6
cate8-00240 0.606808423996 746.7 638.6 746.7 849.0 661.1 849.0 661.1 638.6
cate8-00242 0.514913856983 794.2 444.3 794.2 652.8 701.4 652.8 701.4 444.3
cate8-00242 0.471329152584 751.0 675.8 646.2 899.9 531.8 881.1 636.7 657.1
cate8-00244 0.580618202686 1081.0 419.5 1081.0 636.8 997.3 636.8 997.3 419.5
cate8-00245 0.454564273357 755.8 601.8 653.7 604.1 634.9 366.1 736.9 363.7
cate8-00249 0.528301000595 738.8 372.6 694.8 630.5 562.2 624.5 606.2 366.6
cate8-00250 0.581760704517 1212.3 601.2 1212.3 865.8 1133.4 865.8 1133.4 601.2
cate8-00250 0.571510136127 958.7 558.1 879.2 563.8 819.2 308.1 898.8 302.4
cate8-00252 0.593976020813 936.2 579.9 862.5 582.4 841.9 346.8 915.5 344.3
cate8-00252 0.556704103947 1084.1 337.1 1059.7 585.3 992.2 580.8 1016.7 332.6
cate8-00254 0.550174832344 1464.0 602.8 1364.3 604.1 1341.6 363.2 1441.2 361.9
cate8-00257 0.651587843895 716.5 680.5 615.4 882.2 478.2 857.7 579.3 655.9
cate8-00261 0.738018155098 696.5 323.5 696.5 572.9 604.2 572.9 604.2 323.5
cate8-00263 0.329350590706 1233.4 452.4 1233.4 714.5 1129.8 714.5 1129.8 452.4
cate8-00263 0.301270425320 790.6 477.0 790.6 710.0 687.8 710.0 687.8 477.0
cate8-00268 0.529637396336 1255.3 303.1 1255.3 563.2 1161.1 563.2 1161.1 303.1
cate8-00269 0.698828458786 1532.3 825.8 1401.5 851.0 1276.5 651.2 1407.3 626.1
cate8-00273 0.706729829311 577.3 576.5 503.3 797.7 368.8 780.7 442.8 559.6
cate8-00273 0.651695847511 1678.6 810.9 1542.8 827.7 1446.1 587.5 1581.8 570.6
cate8-00273 0.603412568569 709.0 593.4 640.9 825.0 521.7 813.8 589.7 582.2
cate8-00280 0.580613374710 777.2 625.6 777.2 851.7 682.7 851.7 682.7 625.6
cate8-00287 0.544864177704 886.0 316.9 886.0 559.3 785.5 559.3 785.5 316.9
cate8-00287 0.501926004887 1411.9 409.1 1376.9 645.5 1286.4 637.4 1321.4 401.0
cate8-00287 0.366088449955 1299.3 877.9 1219.7 880.6 1188.6 629.7 1268.2 627.1
cate8-00291 0.400622695684 1423.9 877.5 1324.5 888.6 1239.5 649.7 1338.8 638.5
cate8-00292 0.674263834953 737.4 620.1 639.6 624.7 617.4 406.2 715.1 401.6
cate8-00292 0.525070190430 1277.7 363.8 1252.7 642.0 1175.0 643.3 1200.0 365.1
cate8-00293 0.595453143120 761.5 419.1 761.5 657.8 663.7 657.8 663.7 419.1
cate8-00297 0.563274204731 905.1 638.1 820.2 643.0 785.0 367.9 869.9 363.0
cate8-00297 0.452502250671 1324.1 417.5 1270.7 646.9 1180.3 640.0 1233.7 410.6
cate8-00297 0.451805800200 1171.4 403.3 1147.2 647.2 1067.0 644.6 1091.2 400.7
cate8-00298 0.665261864662 1170.6 325.8 1170.6 580.6 1086.0 580.6 1086.0 325.8
cate8-00298 0.537846624851 981.0 331.4 948.2 569.7 886.7 564.8 919.5 326.5
cate8-00301 0.694325149059 1522.9 776.7 1391.4 789.0 1320.3 561.1 1451.7 548.8
cate8-00302 0.650565743446 1452.2 310.0 1452.2 567.4 1318.1 567.4 1318.1 310.0
cate8-00302 0.603166699409 713.5 316.3 713.5 560.1 604.7 560.1 604.7 316.3
cate8-00302 0.585707664490 1297.3 306.8 1259.6 569.3 1155.3 569.0 1193.0 306.5
cate8-00302 0.570681154728 560.6 585.4 455.1 745.4 352.7 721.8 458.2 561.8
cate8-00302 0.567824780941 768.0 618.4 699.2 807.4 605.9 798.6 674.8 609.6
cate8-00302 0.495184510946 686.7 621.0 569.4 784.5 456.0 754.9 573.3 591.5
cate8-00302 0.316468954086 922.7 313.6 922.7 572.9 837.5 572.9 837.5 313.6
cate8-00304 0.664668142796 666.9 324.1 666.9 572.6 527.6 572.6 527.6 324.1
cate8-00304 0.553761124611 1099.3 307.7 1099.3 548.9 1014.4 548.9 1014.4 307.7
cate8-00308 0.614028334618 1580.0 862.3 1437.8 875.3 1368.5 634.9 1510.8 621.9
cate8-00308 0.366301000118 1444.3 887.4 1361.3 894.9 1289.4 649.9 1372.4 642.3
cate8-00309 0.561486005783 734.3 634.4 671.0 854.6 548.5 842.8 611.9 622.6
cate8-00318 0.593462169170 655.1 620.3 524.9 624.1 486.2 385.6 616.4 381.8
cate8-00318 0.511184334755 731.5 634.7 694.5 840.1 551.7 832.5 588.7 627.1
cate8-00319 0.705662369728 1559.9 759.0 1429.0 777.5 1319.4 548.4 1450.2 529.9
cate8-00319 0.499503821135 695.9 547.4 574.8 763.8 444.4 739.3 565.4 522.9
cate8-00322 0.596705496311 611.5 291.4 611.5 544.7 476.7 544.7 476.7 291.4
cate8-00322 0.504913747311 1430.1 518.4 1316.4 517.2 1306.5 287.8 1420.2 288.9
cate8-00324 0.643076539040 1164.4 302.5 1141.2 559.3 1054.0 554.2 1077.2 297.4
cate8-00324 0.520268797874 709.4 592.1 587.1 783.1 503.2 763.9 625.5 573.0
cate8-00325 0.585013926029 1713.9 695.0 1601.5 726.9 1480.6 582.6 1593.0 550.8
cate8-00328 0.504414319992 1359.8 662.2 1280.1 658.7 1269.8 434.2 1349.5 437.6
cate8-00332 0.558323919773 1254.1 767.9 1164.5 771.8 1144.3 508.2 1233.8 504.3
cate8-00332 0.497438788414 1722.6 608.4 1583.9 676.1 1365.5 528.2 1504.2 460.4
cate8-00333 0.607142806053 1535.6 799.4 1406.0 819.8 1290.8 608.2 1420.5 587.8
cate8-00333 0.528600096703 836.2 568.5 722.7 573.5 697.1 316.1 810.7 311.1
cate8-00334 0.577180147171 1396.1 401.7 1396.1 664.8 1285.2 664.8 1285.2 401.7
cate8-00338 0.704949557781 768.6 633.7 686.1 637.5 655.9 391.8 738.4 388.1
cate8-00338 0.626652956009 1155.4 423.9 1105.3 669.0 1011.9 663.3 1062.0 418.2
cate8-00339 0.621502101421 1337.6 646.8 1291.9 892.2 1203.1 890.7 1248.7 645.3
cate8-00339 0.586330592632 904.6 625.6 877.7 876.8 767.5 871.8 794.3 620.6
cate8-00342 0.581460773945 1344.5 813.2 1286.0 818.0 1266.2 602.9 1324.7 598.2
cate8-00342 0.570455491543 1484.8 809.1 1366.5 818.2 1304.6 598.4 1422.9 589.3
cate8-00343 0.616054177284 751.9 643.0 665.8 644.9 636.9 403.1 723.0 401.2
cate8-00343 0.610519289970 1475.5 615.3 1367.6 619.6 1348.4 420.2 1456.3 415.9
cate8-00343 0.338444113731 670.5 700.5 633.5 844.6 558.9 837.2 595.9 693.1
cate8-00350 0.575702011585 1129.1 544.1 1129.1 783.1 1039.7 783.1 1039.7 544.1
cate8-00351 0.561395704746 1140.0 574.7 1053.4 575.8 1027.0 300.8 1113.6 299.8
cate8-00353 0.596668839455 1316.7 314.9 1316.7 541.3 1221.9 541.3 1221.9 314.9
cate8-00354 0.709545731544 1469.4 428.8 1401.3 640.0 1282.6 627.5 1350.7 416.3
cate8-00354 0.544252336025 1557.3 471.2 1527.7 688.9 1392.8 686.4 1422.4 468.7
cate8-00354 0.536007165909 570.1 623.0 452.6 625.8 429.9 403.5 547.5 400.7
cate8-00356 0.562267541885 1343.9 271.3 1343.9 554.9 1248.3 554.9 1248.3 271.3
cate8-00357 0.518608808517 1094.0 649.9 999.0 657.0 986.3 436.2 1081.3 429.2
cate8-00360 0.599954545498 1175.0 355.5 1175.0 610.8 1116.3 610.8 1116.3 355.5
cate8-00360 0.381494641304 1297.4 889.8 1226.1 889.5 1208.0 648.2 1279.3 648.5
cate8-00362 0.633685171604 1090.1 378.7 1090.1 577.8 989.5 577.8 989.5 378.7
cate8-00362 0.619988203049 1003.3 573.6 926.7 577.0 898.4 362.8 975.0 359.4
cate8-00365 0.616649448872 1201.2 274.2 1201.2 542.3 1126.7 542.3 1126.7 274.2
cate8-00365 0.610696613789 554.9 555.7 497.7 783.0 355.8 771.7 413.0 544.4
cate8-00365 0.601326286793 754.1 535.2 643.9 541.8 599.2 270.9 709.4 264.3
cate8-00365 0.585618674755 1429.1 284.2 1402.1 533.8 1323.9 532.4 1350.8 282.8
cate8-00369 0.619207262993 662.3 602.3 542.5 607.5 516.2 393.6 636.1 388.4
cate8-00369 0.575699865818 1564.8 799.8 1443.0 818.6 1348.7 637.6 1470.5 618.7
cate8-00369 0.574174404144 1402.6 843.1 1309.8 844.8 1278.3 634.8 1371.1 633.1
cate8-00370 0.407124876976 771.7 591.5 771.7 836.0 687.5 836.0 687.5 591.5
cate8-00375 0.564306259155 952.2 388.2 952.2 638.5 878.8 638.5 878.8 388.2
cate8-00375 0.528714954853 653.7 389.5 625.0 593.9 506.7 587.5 535.4 383.1
cate8-00375 0.524017035961 748.6 393.0 706.1 617.0 606.6 614.6 649.1 390.6
cate8-00376 0.644757986069 1450.9 412.4 1450.9 664.8 1317.7 664.8 1317.7 412.4
cate8-00376 0.416941165924 1160.8 438.6 1160.8 687.9 1077.0 687.9 1077.0 438.6
cate8-00377 0.436971664429 1556.3 854.5 1417.9 873.3 1319.4 642.2 1457.8 623.4
cate8-00378 0.555150330067 1536.8 743.9 1404.0 764.2 1286.7 533.7 1419.5 513.4
cate8-00379 0.561372041702 1579.6 778.4 1462.5 801.6 1333.8 598.4 1450.9 575.3
cate8-00380 0.622896432877 1388.7 651.8 1313.5 654.7 1292.9 434.3 1368.1 431.4
cate8-00380 0.574459552765 1508.5 621.5 1407.4 627.9 1367.6 424.7 1468.7 418.3
cate8-00381 0.600160360336 1299.5 622.0 1218.8 626.3 1187.9 375.1 1268.6 370.8
cate8-00381 0.596132159233 776.0 383.7 685.3 596.7 594.8 583.4 685.6 370.4
cate8-00382 0.617601752281 644.5 600.3 546.6 752.9 426.4 726.6 524.2 574.0
cate8-00382 0.514689087868 1209.2 372.6 1209.2 613.7 1118.5 613.7 1118.5 372.6
cate8-00382 0.461853176355 1354.1 617.6 1256.3 623.0 1240.4 409.3 1338.3 403.9
cate8-00383 0.620315313339 644.1 300.4 644.1 536.5 496.5 536.5 496.5 300.4
cate8-00385 0.446278810501 1325.5 802.9 1251.7 803.6 1231.7 595.0 1305.5 594.3
cate8-00386 0.478479683399 1097.7 386.3 1097.7 620.3 1017.0 620.3 1017.0 386.3
cate8-00388 0.574849128723 832.5 644.6 806.6 861.3 734.2 852.1 760.1 635.3
cate8-00389 0.469476073980 1325.3 802.7 1252.4 803.7 1231.8 595.2 1304.7 594.2
cate8-00392 0.316458702087 854.5 584.0 759.1 587.9 730.1 322.3 825.5 318.3
cate8-00395 0.583110630512 680.3 607.3 554.6 790.7 425.2 759.5 550.8 576.1
cate8-00396 0.638695895672 1625.4 790.2 1482.2 821.1 1338.6 607.8 1481.8 576.9
cate8-00397 0.501767396927 1393.3 944.3 1305.2 951.2 1251.6 713.9 1339.7 707.1
cate8-00399 0.371309220791 726.7 261.4 726.7 514.9 592.4 514.9 592.4 261.4
cate8-00401 0.624399006367 1150.3 598.6 1075.3 598.8 1054.3 347.8 1129.4 347.6
cate8-00404 0.630014777184 963.7 318.1 963.7 618.2 849.8 618.2 849.8 318.1
cate8-00404 0.575385451317 1140.9 363.3 1115.5 630.1 1024.7 623.1 1050.0 356.3
cate8-00406 0.552119255066 1362.3 597.9 1263.4 600.6 1229.1 367.9 1328.1 365.2
cate8-00408 0.626812100410 673.0 605.7 591.1 855.3 450.3 840.4 532.2 590.8
cate8-00415 0.682659804821 809.2 632.5 775.4 843.0 686.6 835.8 720.5 625.3
cate8-00415 0.616634786129 695.9 375.3 695.9 611.2 604.6 611.2 604.6 375.3
cate8-00415 0.500850558281 1324.0 372.0 1324.0 614.2 1216.4 614.2 1216.4 372.0
cate8-00415 0.492902904749 866.9 359.2 866.9 606.7 770.5 606.7 770.5 359.2
cate8-00419 0.697798430920 1656.3 668.9 1515.8 699.1 1397.0 517.8 1537.6 487.6
cate8-00419 0.582065641880 1548.6 733.5 1429.0 759.9 1290.8 564.7 1410.3 538.2
cate8-00420 0.655834853649 741.3 636.2 741.3 871.4 630.8 871.4 630.8 636.2
cate8-00420 0.590151250362 648.6 643.4 551.2 657.9 457.0 463.8 554.4 449.2
cate8-00420 0.419686913490 1113.1 419.5 1086.4 562.3 1020.5 556.3 1047.2 413.5
cate8-00425 0.527620792389 1031.2 355.7 1031.2 620.3 941.6 620.3 941.6 355.7
cate8-00427 0.690349221230 1094.6 341.0 1094.6 625.8 1001.6 625.8 1001.6 341.0
cate8-00427 0.596924304962 632.2 394.8 603.0 647.8 473.5 642.2 502.8 389.2
cate8-00430 0.646910011768 736.0 654.4 707.8 843.2 616.2 833.3 644.4 644.5
cate8-00430 0.585217833519 936.3 360.9 920.3 605.5 823.4 605.9 839.4 361.4
cate8-00431 0.310512155294 1181.5 349.9 1170.2 643.2 1042.0 646.8 1053.3 353.5
cate8-00434 0.634110927582 1018.6 412.0 1018.6 664.1 919.1 664.1 919.1 412.0
cate8-00434 0.616895675659 1093.4 662.0 1023.9 662.8 1004.0 404.0 1073.5 403.2
cate8-00434 0.598620235920 927.8 631.7 867.2 646.4 851.4 435.2 912.0 420.6
cate8-00436 0.637820363045 1539.8 815.9 1415.3 838.4 1299.1 632.2 1423.6 609.6
cate8-00436 0.551891148090 1127.5 407.8 1127.5 648.5 1039.6 648.5 1039.6 407.8
cate8-00439 0.704087018967 654.1 610.3 578.4 614.7 558.6 386.7 634.3 382.3
cate8-00439 0.645446658134 739.3 599.7 649.9 603.4 632.7 385.8 722.1 382.2
cate8-00440 0.618588745594 633.6 596.5 587.2 789.8 472.9 780.5 519.3 587.2
cate8-00441 0.637309491634 1686.7 760.9 1560.8 788.1 1437.2 596.2 1563.1 569.1
cate8-00441 0.635643482208 1529.6 326.9 1514.0 563.8 1399.1 560.2 1414.7 323.3
cate8-00441 0.626396477222 695.3 583.5 695.3 784.2 623.2 784.2 623.2 583.5
cate8-00441 0.450979679823 651.8 560.5 517.1 565.1 489.9 346.6 624.5 342.0
cate8-00441 0.330745756626 1031.5 571.5 1031.5 745.5 957.1 745.5 957.1 571.5
cate8-00444 0.595192193985 648.4 563.5 543.5 568.7 510.9 341.9 615.7 336.7
cate8-00444 0.470848530531 791.0 576.9 762.4 818.0 670.7 808.6 699.3 567.6
cate8-00446 0.580715954304 1500.0 550.3 1388.3 554.8 1358.5 326.4 1470.2 321.9
cate8-00450 0.433731764555 661.1 608.8 574.8 612.6 551.2 388.3 637.5 384.5
cate8-00451 0.590564131737 810.2 665.5 810.2 882.6 721.2 882.6 721.2 665.5
cate8-00451 0.570689499378 1396.3 433.7 1336.3 648.1 1249.4 642.6 1309.4 428.2
cate8-00451 0.559781491756 737.4 666.6 711.4 884.2 633.3 880.9 659.2 663.3
cate8-00451 0.399482339621 765.3 379.8 765.3 626.8 677.2 626.8 677.2 379.8
cate8-00453 0.465473204851 1010.9 370.9 1010.9 605.5 926.9 605.5 926.9 370.9
cate8-00454 0.641399741173 1254.9 608.6 1180.1 613.7 1162.1 357.2 1236.9 352.2
cate8-00454 0.630276858807 938.9 400.7 913.9 630.3 840.9 626.9 865.9 397.4
cate8-00454 0.443833231926 1099.1 417.2 1099.1 639.1 998.2 639.1 998.2 417.2
