2.009344
2.015347
1.980326
2.006368
2.001986
2.001541
1.991613
1.987917
1.993339
2.005078
1.988508
2.008462
1.989042
1.984469
1.999854
1.989602
2.010617
1.999114
1.989023
2.003220
1.987957
1.987136
1.972329
1.975391
1.998616
1.979649
1.988273
1.984056
2.025679
1.987201
1.984800
1.984551
1.984917
1.987340
1.996520
1.979094
1.994886
1.977762
1.970851
2.000452
1.987182
1.977377
1.976743
1.983341
1.985773
1.992005
1.979116
1.974543
1.994222
1.976097
1.974214
1.992409
1.995065
1.987255
1.984697
1.980642
1.973981
2.001499
1.986263
2.007347
1.964397
1.976391
1.985162
1.986096
